Multiple size <= 100
TEST 1 ARG:1 24 54 50 80 8 69 32 60 41 25 79 76 77 61 83 53 75 90 4 3 38 95 59 82 44 66 31 28 30 48 93 55 13 84 11 5 49 26 6 12 97 72 57 14 96 18 89 47 65 34 23 0 51 42 52 29 87 10 15 92 67 20 78 7 16 40 35 56 46 17 37 27 73 68 45 71 63 43 98 62 22 91 85 21 2 19 86 88 39 9 36 58 33 70 64 81 99 94 74
TEST 2 ARG:21 27 5 11 43 87 76 92 45 28 99 53 8 13 63 85 3 84 94 41 9 81 74 98 72 49 52 22 97 23 79 73 71 86 62 82 80 17 50 18 57 90 96 89 20 42 46 14 77 60 10 25 58 51 40 64 36 67 38 29 33 15 32 48 95 44 31 75 12 37 26 54 7 0 61 56 6 35 70 66 47 30 39 93 1 19 16 65 4 55 69 91 78 24 68 34 59 88 2 83
TEST 3 ARG:90 63 37 94 8 58 24 91 89 72 39 42 73 57 82 16 31 49 41 47 77 45 98 68 27 30 2 65 32 85 76 17 7 0 55 87 62 5 21 61 86 44 22 71 51 69 23 53 67 78 59 48 40 36 64 4 60 56 92 96 70 1 80 9 33 81 14 29 43 38 35 66 52 95 19 83 13 11 97 12 50 28 18 93 26 46 54 75 20 88 99 79 6 84 10 3 34 25 74 15
TEST 4 ARG:1 98 65 85 90 22 72 51 80 11 28 7 97 92 49 86 99 12 88 73 19 16 8 31 61 4 53 27 69 0 75 58 43 70 82 23 93 54 18 95 9 37 2 17 10 25 67 14 57 44 41 87 66 91 3 26 59 55 29 94 6 50 62 52 74 13 47 63 42 32 81 89 64 78 39 76 68 15 5 45 79 24 40 38 56 21 96 71 35 60 46 77 30 20 84 34 36 48 33 83
TEST 5 ARG:35 65 19 37 76 9 22 48 18 73 89 52 96 8 53 43 60 78 86 30 82 55 20 98 10 61 87 80 83 79 68 81 44 46 32 4 41 16 45 99 24 69 71 90 74 70 34 88 13 51 85 47 42 95 6 54 21 58 75 56 33 62 36 66 77 25 28 84 17 39 7 49 93 15 38 94 23 29 91 63 11 57 92 26 64 59 31 12 1 40 0 67 72 2 27 97 3 50 5 14
TEST 6 ARG:89 97 52 1 17 23 31 56 92 35 24 29 3 49 96 7 45 37 9 22 91 46 44 59 95 72 65 8 13 80 81 64 19 12 93 66 40 15 30 50 6 38 47 58 4 16 77 70 76 33 98 27 18 69 0 11 63 75 2 61 25 67 28 41 90 32 43 88 94 79 71 54 78 87 48 20 73 62 82 36 68 34 55 86 39 84 42 53 26 10 99 83 85 60 14 74 21 51 57 5
TEST 7 ARG:39 13 24 3 78 47 6 57 73 28 43 0 90 34 64 92 86 8 48 20 82 53 77 42 33 2 1 7 35 29 68 27 49 93 97 25 60 21 22 58 19 18 17 84 85 62 79 87 45 9 36 46 54 41 10 55 76 71 15 74 96 56 65 11 89 95 66 81 38 69 26 80 75 88 50 51 59 63 94 37 32 67 61 23 30 5 91 83 98 44 14 52 99 72 12 16 4 40 31 70
TEST 8 ARG:93 41 89 24 47 58 76 30 10 25 36 64 86 56 77 53 42 12 99 62 92 20 72 97 75 79 73 16 40 54 59 61 8 26 48 6 29 21 28 1 27 33 57 84 82 94 35 44 60 68 91 85 67 74 32 13 31 18 50 90 46 96 5 3 83 34 39 55 14 66 98 88 49 2 37 22 65 69 19 80 71 87 9 45 52 38 63 95 0 17 11 7 70 43 15 81 51 4 78 23
TEST 9 ARG:79 71 63 55 97 86 13 72 35 23 59 81 4 26 83 51 91 77 88 25 5 39 2 31 89 65 47 80 82 6 43 58 78 17 49 14 0 95 98 20 34 50 38 76 18 94 52 30 32 84 19 45 46 54 85 7 87 57 3 56 8 16 10 27 90 48 69 61 92 62 36 70 44 42 9 68 96 37 74 99 29 41 53 21 1 64 12 15 67 73 75 40 60 93 33 22 24 28 11 66
TEST 10 ARG:1 56 41 77 75 39 26 34 88 93 38 27 15 91 47 48 62 42 85 82 99 70 29 59 6 13 20 2 12 33 69 21 53 58 32 97 23 46 43 22 92 36 30 16 37 90 19 73 65 51 28 80 63 0 8 25 49 67 66 35 84 55 3 9 54 50 64 83 74 11 76 60 10 94 71 96 31 68 18 95 7 98 44 17 87 14 86 72 5 52 61 78 89 24 57 40 79 45 4 81
TEST 11 ARG:91 85 80 51 6 2 44 72 46 8 3 84 1 5 49 81 31 43 42 65 54 67 16 9 70 98 28 40 11 39 89 37 75 15 18 21 17 71 30 27 77 7 41 36 13 82 87 50 62 94 69 12 90 10 19 88 35 33 95 22 52 97 20 76 78 96 73 38 93 68 66 0 23 53 45 14 26 48 34 55 4 83 60 32 57 63 92 99 47 74 79 29 58 86 25 24 61 59 56 64
TEST 12 ARG:23 86 99 15 63 18 64 54 40 55 95 37 12 60 81 5 75 53 88 16 33 11 10 93 51 48 82 8 1 77 45 74 65 32 69 0 78 92 59 72 26 47 4 71 87 13 94 3 57 49 83 76 24 30 58 44 28 42 9 38 68 98 27 36 62 34 25 19 21 79 96 41 35 73 17 52 43 46 2 56 80 89 91 31 66 67 20 97 39 70 61 14 29 84 6 7 22 50 85 90
TEST 13 ARG:66 35 98 17 0 90 59 15 68 48 46 75 31 72 22 96 23 50 62 51 85 11 77 42 56 27 21 99 78 93 5 94 25 14 58 1 20 29 9 64 67 54 32 97 53 47 52 4 92 82 2 49 79 89 41 39 63 26 37 84 86 57 76 13 73 88 6 69 12 80 83 36 19 43 70 95 3 34 24 44 33 10 74 81 7 40 60 30 91 45 28 38 55 8 65 61 16 71 18 87
TEST 14 ARG:42 89 14 84 55 71 46 59 18 19 90 95 3 1 82 85 83 57 39 60 16 9 28 13 74 43 73 58 91 37 97 80 76 27 4 56 69 29 68 96 22 45 0 41 23 17 88 40 7 12 66 70 98 20 92 94 53 54 63 93 64 44 81 65 15 24 8 10 87 75 77 11 50 36 25 26 52 67 2 32 61 51 78 6 33 30 38 99 79 72 21 49 34 31 86 5 47 35 62 48
TEST 15 ARG:99 48 95 56 9 86 64 78 52 4 46 91 83 44 53 92 71 55 21 20 3 84 37 62 57 94 38 39 72 5 17 36 23 93 35 15 24 19 31 11 54 2 49 13 76 74 50 75 28 82 80 42 8 69 85 96 66 43 73 47 61 26 88 16 98 81 6 33 58 25 14 12 60 29 68 30 79 18 87 89 77 10 90 22 0 65 67 41 34 27 32 97 45 7 63 70 59 51 1 40
TEST 16 ARG:47 86 23 93 65 0 66 36 91 96 33 22 40 79 18 25 74 72 62 26 14 35 69 4 81 90 16 30 46 51 67 38 77 83 39 78 44 85 21 70 80 97 89 55 87 64 59 49 76 42 68 31 1 53 61 88 17 98 58 34 63 12 24 82 8 11 29 45 5 3 73 75 57 10 60 84 43 9 71 37 95 99 15 50 54 41 56 2 13 32 19 94 7 92 48 28 27 6 52 20
TEST 17 ARG:74 45 83 52 4 71 7 29 37 5 20 1 97 16 90 3 44 98 61 76 50 62 85 14 13 39 24 32 94 99 66 41 46 12 6 48 87 68 70 36 75 84 63 86 56 47 69 27 95 21 40 58 28 92 79 73 82 67 30 88 10 9 60 96 2 42 8 26 18 51 17 33 81 11 57 59 38 72 77 93 53 55 43 89 78 19 0 15 22 35 23 91 34 31 64 54 80 49 65 25
TEST 18 ARG:53 60 15 26 12 14 92 38 9 88 70 20 46 83 29 54 32 90 66 65 82 63 30 7 59 79 58 5 43 57 78 28 94 61 19 68 10 24 0 45 71 47 33 93 35 2 56 27 21 39 36 6 74 73 41 80 89 34 91 11 96 22 81 40 85 16 67 3 44 97 62 48 77 84 42 17 86 75 64 18 51 98 52 55 72 37 23 76 8 1 69 49 87 99 4 95 50 31 25 13
TEST 19 ARG:20 34 74 30 82 43 5 76 99 62 68 42 31 7 32 87 80 53 86 89 13 59 36 57 65 52 2 85 79 8 63 27 73 90 40 70 88 50 84 1 81 60 33 48 55 54 10 6 94 45 4 3 35 21 61 24 69 29 22 19 51 37 38 56 67 83 96 47 11 64 78 91 41 97 14 77 15 9 72 0 23 46 18 39 66 17 26 98 25 12 58 44 71 75 95 16 92 49 93 28
TEST 20 ARG:38 43 24 23 85 26 86 33 42 35 28 6 11 40 76 69 39 54 50 73 30 18 56 61 34 2 83 92 93 82 10 64 20 66 41 58 17 89 36 5 44 49 63 80 60 7 74 98 52 99 12 32 25 13 77 55 68 46 59 65 62 14 16 96 67 31 75 27 53 47 21 95 29 3 90 81 51 45 84 19 70 1 15 88 79 91 87 8 48 57 78 37 71 97 94 0 72 9 22 4
TEST 21 ARG:64 48 24 86 5 35 83 10 15 16 1 14 61 9 91 78 43 85 70 28 71 65 55 77 38 60 40 95 97 2 63 54 21 89 22 74 49 45 93 99 20 88 58 41 90 36 11 50 42 13 56 46 81 66 18 87 57 19 47 0 8 80 44 73 98 96 52 30 7 75 25 17 23 12 31 69 33 62 79 76 53 59 67 51 26 72 84 34 3 82 39 32 94 68 92 27 37 6 4 29
TEST 22 ARG:73 39 88 28 76 24 3 11 90 66 25 41 95 34 55 54 68 8 52 67 91 31 84 6 15 20 92 83 42 86 78 71 81 47 74 36 60 97 40 12 53 96 21 75 16 65 49 27 33 45 10 0 80 35 1 13 51 18 17 62 94 56 44 37 85 64 30 59 87 63 89 14 19 99 58 38 93 29 98 22 82 48 23 61 26 77 43 4 9 2 70 32 5 50 46 69 7 72 79 57
TEST 23 ARG:26 39 8 77 31 36 0 59 24 92 45 6 72 23 88 67 3 9 46 53 54 25 98 89 71 48 13 99 47 51 81 7 4 28 90 63 10 55 52 34 16 37 95 68 20 91 41 30 22 69 50 79 78 74 87 43 58 84 27 96 21 73 94 65 15 85 11 97 38 60 70 75 57 42 44 2 14 66 86 35 93 1 17 29 76 5 49 40 32 82 83 33 18 19 64 61 12 80 56 62
TEST 24 ARG:29 11 20 87 58 78 51 28 18 25 9 83 45 43 86 17 62 59 84 2 76 85 32 93 8 65 1 37 30 19 33 88 64 27 47 61 75 90 4 66 13 82 73 7 98 60 44 53 96 52 40 95 71 81 46 77 49 10 23 56 0 42 50 12 22 91 41 57 15 48 38 5 24 21 63 97 26 68 79 89 74 34 54 70 80 31 36 69 99 16 14 55 67 72 39 92 35 94 3 6
TEST 25 ARG:76 29 69 96 55 39 90 23 11 94 20 9 22 71 92 84 83 78 91 43 50 89 34 79 61 70 51 0 63 48 27 67 10 77 4 82 33 56 28 74 44 8 5 59 95 31 37 38 17 49 72 64 80 88 41 86 42 68 15 47 3 73 53 75 87 30 32 52 46 24 62 35 7 60 85 18 36 21 6 1 57 99 65 66 26 45 98 54 16 93 97 14 19 58 12 2 40 25 13 81
TEST 26 ARG:32 38 62 66 89 73 4 95 75 85 56 57 84 13 96 80 6 55 3 27 77 61 22 82 9 79 15 33 28 93 64 5 46 45 92 41 34 60 53 58 25 59 99 76 52 90 43 19 35 29 65 88 16 74 1 63 81 30 70 47 7 78 68 26 17 86 67 23 18 2 94 54 12 0 20 39 91 50 40 72 49 31 36 69 87 97 51 11 42 37 98 83 8 48 71 24 14 21 10 44
TEST 27 ARG:10 97 81 34 33 37 43 57 91 76 16 47 56 98 46 31 75 22 77 41 38 92 51 60 54 67 21 89 4 11 72 96 68 6 13 48 40 26 55 52 7 83 61 44 79 5 88 82 39 45 65 28 93 71 84 94 74 63 95 58 69 59 18 12 19 17 62 29 78 27 85 14 25 73 24 1 2 23 30 66 36 8 53 0 42 90 80 20 70 99 32 64 35 3 86 87 49 15 9 50
TEST 27 ARG:10 97 81 34 33 37 43 57 91 76 16 47 56 98 46 31 75 22 77 41 38 92 51 60 54 67 21 89 4 11 72 96 68 6 13 48 40 26 55 52 7 83 61 44 79 5 88 82 39 45 65 28 93 71 84 94 74 63 95 58 69 59 18 12 19 17 62 29 78 27 85 14 25 73 24 1 2 23 30 66 36 8 53 0 42 90 80 20 70 99 32 64 35 3 86 87 49 15 9 50
TEST 28 ARG:90 34 15 66 11 20 57 29 3 8 83 47 88 1 40 99 55 96 28 10 82 97 23 74 38 68 44 39 93 73 31 71 91 94 51 76 50 17 0 62 63 5 56 75 14 65 33 2 98 18 42 9 77 84 46 21 89 61 67 52 60 7 59 81 48 54 6 69 87 86 24 41 27 16 36 79 45 72 13 22 64 12 49 53 4 19 37 85 95 30 32 92 78 43 35 58 80 25 26 70
TEST 29 ARG:23 85 88 56 10 66 25 58 55 19 80 81 52 39 72 57 27 65 26 98 78 45 53 15 3 4 11 67 18 61 54 35 91 93 82 31 38 69 62 70 99 46 74 9 40 33 36 75 79 2 21 77 7 59 5 90 34 49 32 22 97 63 87 42 64 13 76 68 50 43 29 92 51 48 24 83 84 89 94 37 30 86 6 47 96 12 14 73 60 44 20 8 95 28 16 1 17 41 71 0
TEST 30 ARG:17 89 74 10 47 50 35 25 76 62 82 7 93 39 57 90 30 2 27 79 51 91 52 86 33 99 34 9 71 28 38 67 56 5 78 83 49 96 77 43 84 26 46 3 41 97 85 94 44 54 4 19 92 72 61 11 95 69 36 22 53 37 16 66 88 40 1 18 48 29 87 80 58 21 42 60 64 45 24 23 31 70 81 13 55 8 32 68 59 14 73 65 12 15 98 20 63 6 75 0
